011001000000010000000010100100100000001010001100000001100110000100000000101001000100000010110000000100011100100100000000011000000000011010001101000010100000011010000000100011000100000001000110001100000001100110000000100100000100000000000010001
101100010000000100000001001001001000000010100011000000010001100001000000001010110000000000101100000000001010001110000000000110000000001100100011010000101000000110100000001000110001000000100001100011000000010010100000001001010010000001000000100
110101000100000001000000100010010010000000101000110000001100010000010000000011001100100000001011000000100011100011000000000001000000000101001000110100001010000001101000000010001101010000010000011000110000001100101000000010100100100000010000001
011011010001000000010000001000100100100000001010001100000011001100000100000001100010001000000010110000100001011001010000000000110000000001010010001101000010100000011010000000100000010000000100000110001100000010001010000000001010001000000100000
000101101000100000001000000100010010010000000101000110000001100110000010000000010001000100000001011000011000101010101000000000011000000000101001000110100001000000001101000000010010001100000010000011000110000011000101000000100101000100000000000
101110110100010000000100000010001001001000000010100011000000110011000001000000101001100010000000101100000100010000010100000000001100000000010100100011010000110000000110100000001011000010000001000001100011000001100010100000010000100000000010000
000011011010001000000010000001000100100100000001010001100000010001100000100000010100110001000000010100001010001101001010000000000110000000001010010001101000001000000011010000000101100101000000100000110001100000110001010000001010010000000001000
010101101101000100000000000000100010010010000000101000110000001000110000010000001010011000100000001000000100000100100101000000000011000000000101001000110100010100000001101000000000110010000000010000011000100000011000101000000101001010000000100
000010110110100010000001000000010001001001000000010100010000001100011000001000000100001100010000000110000011000010010010100000000001100000000010100100011010001010000000110100000000011001100000001000001100010000001100010100000000100101000000010
001001011011010001000000000000001000100100100000001010001000000110001100000100000011000110001000000010000000100110001001010000000000110000000001010010001101000101000000011010000010001000000000000100000110011000000110001010000010010000100000001
000000101101101000100000100000000100010010010000000101001100000011000110000010000000100011000100000001000001010001000100101000000000010000000000101001000110100010100000001101000001000100110000000010000011001100000011000101000001001000010000000
000100010110110100010000010000000010001001001000000010100110000001100011000000000001010001100010000011100000101011100010010100000000001000000000010100100011000001010000000110100000100110001000000001000001100100000001100010000000100110001000000
000010001011011010001000001000000001000100100100000001010011000000110001100001000000101000110001000000110000010000110001001010000000001000000000001010010001110000101000000011010000010011010100000000100000100010000000110001100000010001000100000
100001000101101101000100000100000000100010010010000000100001100000011000110000000000010100011000100001010000001001011000100101000000000100000000000101001000101000010100000001101000001001001010000000010000010011000000011000010000001000100000000
000000100010110110100010000010000000010001001001000000011000110000001100011000100000001010001100010000101000000100101100010010000000000110000000000010100100010100001010000000110100000000100101000000001000011001100000001100101000000110010010000
010000010001011011010000000001000000001000100100100000000100010000000110001100010000000101000110001000011100000000010110001001100000000011000000000001010010011010000101000000011000000100100010100000000100001100110000000110010100000001001001000
000000001000101101101001000000100000000100010010010000001010001000000011000110001000000010100011000100000110000110001011000100010000000001100000000000101001001101000010100000001100000010010001010000000010000100011000000011001000000000100100100
001000000100010110110100000000010000000010001001001000000101001100000001100010000100000001010001100000001010000000000101100010101000000000110000000000010100100110100001010000000110000001011000101000000001000010001100000001000110000010010000010
000000000010001011011010100000001000000001000100100100000010100110000000110001000010000000101000110000000101000011000010110001010100000000011000000000001010000011010000101000000001000000001100010100000000100011000110000000100001000001001010001
000100000001000101101100010000000100000000100010010010000001010011000000011001000000000000010100011010000011100000100001011000001010000000001100000000000101010001101000010100000010100000100110001010000000000001100011000000110010100000100101000
000010000000100010110111001000000010000000010001001001000000100001100000001100100001000000001010001100000000110001010000101100100101000000000110000000000010101000110100001010000011010000000011000101000000010000110001100000011001010000010000100
000001000000010001011010000100000001000000001000100100100000011000110000000110110000100000000101000101000001011000101000010110010010100000000011000000000001000100011010000101000001101000010001100010100000001000011000110000001100101000001010010
100000100000001000101101100010000000100000000100010010010000000100011000000010011000010000000010100000100000101000010100001011001001010000000001100000000000110010001101000010100000110000001000110001010000000100001100011000000100010100000101001
010000001000000010001010101000100000001000000001000100101000000101000110000001000110000100000000101010000000001100000101000010100010011000000000011000000000010100100011010000101000001010000010001100010100000010000011000110000011000100000010010
101000000010000000100011011010001000000010000000010001000010000001010001100000110001000001000000001001100100000010000001010000011000101100000000000110000000000101001000110100001000000110000000100011000101000000100000110001000000110001000000100
000000000001000000010000101101000100000001000000001000101001000000101000110000011001100000100000000100110010000110000000101000101100010010000000000011000000000010100100011010000100000011100000010001100010100000010000011000100000011010100000010
010100000000100000001001110110100010000000100000000100010100100000010100011000001100110000010000000010010000000001000000010100010110000101000000000001100000000001010010001101000010000001000000001000110001000000001000001100110000001101010000001
100010000000010000000100011011010001000000010000000010000010010000001010001100000110011000001000000000001001000011100000001010001011001010100000000000110000000000101001000110100001000000110000000100011000110000000100000110011000000100101000000
001001000000001000000010101101101000100000001000000001001001000000000101000110000010001100000100000011001100100000110000000101000101100001010000000000011000000000010100100011010010100000101000000010001100001000000010000011001100000000010100000
010000100000000100000000010110110100010000000100000000100100101000000010100010000001000110000010000000100110010001011000000010000010110100101000000000001100000000001010010001101001010000010100000001000110010100000001000001000100000010001000000
100100010000000010000001001011011010001000000010000000010010010100000001010001000001100011000001000001010010001000101100000001100001010010010100000000000110000000000101001000110100101000011010000000100011001000000000100000100010000011000110000
001010001000000001000000000101101101000100000001000000000001000010000000101001000000110001100000100000100001000000010110000000010000101001001010000000000011000000000010100100011000010000001101000000010001100110000000010000110011000001100001000
010001000100000000100000100010110110100010000000100000001000101001000000010100100000011000110000010000011001100000001011000000101000011000100101000000000001100000000001010010001100001100000110100000001000100001000000001000011001100000110010100
000100100010000000010000010001011011010001000000010000000100010100100000001010110000001100011000001000000100110100000101100000010100000100010010100000000000100000000000101001000110000010000011010000000100010010100000000100001100110000011001010
001010010001000000001000001000101101101000100000001000000010000010010000000100011000000110001100000100001010011000000010110000001010001110001001010000000000010000000000010100100001000101000001101000000010011001010000000010000100011000001100101
000001001000100000000100000100010110110100010000000100000001001001001000000011001100000011000110000000000100001010000001011000000101000011000100101000000000011000000000001010010010100010000000110100000001001100101000000001000010001100000100010
000100100100010000000010000010001011011010001000000010000000100100100100000000000110000001100011000000000011000000000000101100000010100101100010010100000000001100000000000101001011010001100000011010000000100100010100000000000011000100000010001
000010010010001000000000000001000101101101000100000001000000010010010010000001100010000000110001100010000000100101000000010110000001010010110001001010000000000110000000000010100101101000000000001101000000000010001010000000100001100000000011000
100001001001000100000001000000100010110110100010000000100000000001001001000000010001000000011000110000000001010100100000001011000000100001011000100101000000000011000000000001010000110000110000000110100000010011000101000000010000110010000001100
000000100100100010000000000000010001011011010001000000010000001000100100100000101001100000001100011001000000101010010000000101000000011000101100010010100000000001100000000000101000011100001000000011010000001001100010100000001000011011000000110
110000010010010001000000100000001000101101101000100000000000000100010010010000010100110000000110001100100000010010001000000010100000000000010110001001010000000000110000000000010110001010010100000001101000000100110001010000000100001101100000011
000000001001001000100000010000000100010110110100010000001000000010001001001000001010011000000011000100010000001001000100000001110000001100001011000100101000000000011000000000001001000101001010000000110100000000011000101000000000000100110000001
011000000100100100010000001000000010001011011010001000000100000001000100100100000100001100000001100000000000000101100010000000011000000010000101100010010100000000001100000000000100100110000101000000011010000010001100010100000010000000011000000
000000000010010010001000000100000001000101101101000100000010000000100010010010000011000110000000110010001000000000110001000000101100000101000010110001001010000000000110000000000010010011100010100000001101000001000110001010000001000010001100000
101100000001001001000100000010000000100010110110100010000001000000010001001000000000100011000000011010000100000110011000100000010110000010100001011000100101000000000011000000000001001001000001010000000110100000100011000101000000100011000100000
100010000000100100100010000001000000010001011011010001000000100000001000100101000001010001100000001101000010000000001100010000001011000001010000101100010010100000000001100000000010100000110000101000000011000000010001100010000000010001100010000
010101000000010010010000000000100000001000101101101000100000010000000100010010000000101000110000000101100000000011000110001000000101100000101000010110001001000000000000110000000001010100101000010100000001110000001000110001100000001000110011000
010010100000001001001001000000010000000100010110110100010000000000000010001000100000010100011000000000110001000000100011000100000010110000010100001011000100110000000000011000000000101010010100001010000000101000000100011000010000000100011001100
001001010000000100100100000000001000000010001011011010000000001000000001000101010000001010001100000010010000100001010001100010000001010000001010000101100010001000000000001100000000010001011010000101000000010100000010001100101000000000001100110
001000101000000010010010100000000100000001000101101101001000000100000000100010001000000101000110000010001000010000101000110001000000101000000101000010110001010100000000000110000000001100001101000010100000011000000001000110010100000000000100011
000100010100000001001000010000000010000000100010110110100100000010000000010000100100000010100011000001001100001000010100011000000000011000000010100001011000101010000000000011000000000010100110100001010000001110000000100011001000000010000010001
000110001010000000100101001000000001000000010001011011010010000001000000001001010010000001010001100001100110000000001010001100100000000100000001010000101100000101000000000001100000000101000011010000101000000101000000010001000110000001000011000
000011000101000000010010000100000000100000001000101101100001000000100000000100001000000000101000110000110010000000000101000110010000001110000000101000010110010010100000000000110000000010010001101000010100000010100000001000100001000000100001100
100001100010100000001000100010000000010000000100010110111000100000010000000010100101000000010100011000010001000100000010100011001000000011000000010100001011001001010000000000011000000001101000110100001010000011010000000100110010100000010000110
100000110001010000000101010001000000001000000010001011010100010000001000000000010010100000001010001100001001100000000001010001000100000101100000001010000101100100101000000000001100000000000100011010000101000001101000000010011001010000001000011
010000011000101000000010001000100000000100000001000101101010000000000100000001001000010000000101000100001100110010000000101000100010000010110000000101000010100010010100000000000100000000110010001101000010100000110100000001001100101000000100001
001000000110001010000001010010001000000001000000010001010110100100000001000000100010100100000001010010000010001001000000001010011000100000101100000001010000111000100101000000000010000000010100100011010000110000001101000000100010001000000010000
101000000011000101000000001001000100000000100000001000101011010010000000100000010000010010000000101010000001000000100000000101001100010000010110000000101000001100010010100000000011000000001010010001101000001000000110100000010011000100000001000
100100000001100010100000100100100010000000010000000100011101100001000000010000001001001001000000010101000001100100010000000010000110000000001011000000010100010110001001010000000001100000000101001000110100010100000011010000001001100010000000100
010110000000110001010000010010010001000000001000000010000110111000100000001000000100100100100000001001100000110100001000000001100011001000000101100000001010001011000100101000000000110000000010100100011010001000000001101000000100110001000000010
010011000000011000101000001001001000100000000100000001001011010100010000000100000010010010010000000100110000011010000100000000010001100000000010110000000101000101100010010100000000011000000001010010001101000110000000110100000000011010100000001
001001100000001100010100000100100100010000000010000000100101101010001000000010000000001001001000000010010000001010000010000000101000110100000001011000000010100010110001001010000000001000000000101001000110100001000000011010000010001101010000000
000100011000000011000100000001001001000100000000100000000001010110100010000001000000100010010010000011001100000101100000100000001010001001000000010110000000110000101100010010100000000110000000001010010001110001010000000110000000100000010100000
100110001100000001100011000000100100100010000000010000001000101011010001000000000000010001001001000000100110000100110000010000000101001000100000001011000000001000010110001001010000000011000000000101001000101000101000000011100000010010001000000
000011000110000000110000000000010010010001000000001000000100011101101000100000100000001000100100100001010010000010011000001000000010100100010000000101100000010100001011000100101000000001000000000010100100010100010100000001010000001011000110000
010001100011000000011001100000001001001000100000000100000010000110110100010000010000000100010010010000100001000010001100000100000001010110001000000010110000001010000101100010010100000000100000000001010010011000001010000000101000000101100001000
000000110001100000001100010000000100100100010000000010000001001011011010001000001000000010001001001000011001100001000110000010000000100011000100000001011000000101000010110001001000000000100000000000101001001110000101000000110100000000110010100
001000011000110000000110101000000010010010001000000001000000100101101101000100000100000001000100100100000100110001100011000001000000011001100010000000101100000010100001011000100100000000010000000000010100100101000010100000011000000000011001010
000000001100011000000010010100000001001001000100000000100000010010110110100010000010000000100010010000001010011000110001100000000000000000110001000000010110000001010000101100010010000000011000000000001010000010100001010000001110000010001100101
000100000110001100000001001010000000100100100010000000010000000001011011010000000000000000010001001000000100001000011000110000100000001100011000100000001011000000101000010110001001000000001100000000000101010011010000101000000101000001000100010
000010000011000110000001000101000000010010010001000000000000001000101101101001000001000000001000100110000011000000001100011000010000000010001100010000000101100000010100001011000110100000000110000000000010101001101000010100000010100000100010001
000001000001100011000000100010100000001001001000100000001000000100010110110100000000100000000100010000000000100100000110001100001000000101000110001000000010100000001010000101100001010000000011000000000001000100110100001010000011010000010011000
100000100000110001100000110001010000000100100100010000000100000010001011011010100000010000000010001001000001010100000011000110000100000010100011000100000001010000000101000010110000101000000001100000000000110000011010000101000001101000001001100
000000010000011000110000011000101000000010010010001000000010000001000101101100010000001000000001000110100000101010000001100011000010000001010001100010000000111000000010100001011010010000000000110000000000001010001101000010000000110100000100110
110000001000001100011000001100010100000001001001000100000001000000100010110111001000000100000000100000010000010010000000110001000001000000101000110001000000001100000001010000101101001100000000011000000000010101000110100001100000011000000000011
000000000100000110001100000110001010000000100100100010000000100000010001011010000100000010000000010001000000001001000000011000100000100000010100011000100000010110000000101000010100100010000000001100000000001000100011010000010000001100000010001
011000000010000011000110000011000101000000010010010001000000010000001000101101100010000001000000001010101000000101100000001100110000010000001010001100010000001011000000010100001000010101000000000110000000000110010001101000101000000110000001000
101100000000100000110001000000110001010000000100100100010000001000000010001010101001000000010000000001000010000110011000000011001100001000000010100011000100000010110000000101000011000001100000000001100000000010100100011010001000000010100000010
010101000000001000001100100000001100010100000001001001001000000010000000100011011010010000000100000010010101000011000110000000100011000100000000101000110001000000101100000001010010110010110000000000011000000000101001000110000001000001101000000
010010100000000100000110110000000110001010000000100100100100000001000000010000101100001000000010000000000010100000100011000000110001100010000000010100011000100000010110000000101001011001001000000000001100000000010100100011100010100000110100000
001001010000000010000010011000000011000101000000010010010010000000100000001001110111000100000001000001001000010001010001100000011000110001000000001010001100000000001011000000010100101000010100000000000110000000001010010001010001010000011000000
101000101000000001000001001100000001100010100000001001000001000000010000000100011010100010000000100000100101001000101000110000001100010000100000000101000110010000000101100000001000010100101010000000000011000000000101001000101000101000001110000
000100010100000000100001000110000000110001010000000100101000100000001000000010101101010001000000010000010010100000010100011000000110001000010000000010100011001000000010110000000100001110000101000000000001100000000010100100110100010100000101000
000011000101000000001000110001100000001100010100000001000010000000000010000001001010110100010000000100001001001100000101000110000001100100000100000000101000100010000000101100000001000101001001010000000000010000000000101001001110000100000011010
001001100010100000000100011000110000000110001010000000101001001000000001000000000101011010001000000000000100100000000010100011000000110110000010000000010100010001000000010110000010100010100100101000000000011000000000010100000101000010000001101
000000110001010000000010001100011000000011000101000000010100100100000000100000100011101101000100000000000010010010000001010001000000010011000001000000001010011000100000001011000001010001100010010100000000001100000000001010100010100001000000110
000100011000101000000000000110001100000001100010100000000010010010000000010000010000110110100010000010000000001100000000101000100000001001100000100000000101001100010000000101100000101000010001001010000000000100000000000101010011010010100000011
000010001100010100000001000011000110000000110001010000001001000001000000001000001001011011010001000000000001000001000000010100110000001000110000010000000010100110001000000010110000010000111000100101000000000010000000000010001001101001010000001
100001000110001010000000000001100011000000011000101000000100101000100000000100000100101101101000100001000000100010100000001010011000000100011000001000000001000011000100000001011000001100001100010010100000000011000000000001100100110100101000000
000000100011000101000000100000110001100000001100010100000010010100010000000010000010010110110100010000100000010100010000000101001100000110001100000100000000110001100010000000101100000010010110001001010000000001100000000000010000011000010100000
110000010001100010100000010000011000110000000110001010000001000010001000000000000000001011011010001000010000001001001000000010000110000011000110000010000000001000110001000000010100000101001011000100101000000000110000000000101010001100001000000
100000001000110001010000001000001100011000000011000101000000101001000100000001000001000101101101000100000000000010100100000001100011000001100011000001000000010100011000100000001000000010000101100010010100000000011000000000010101000110000110000
011000000100011000101000000100000110001100000001100010100000010100100010000000000000100010110110100000001000000000010010000000010001100000110001100000100000001010001100010000000110000001100010110001001010000000001100000000001000100001000001000
010000000010001100010100000010000011000110000000110001010000000010010001000000100000010001011011010000000100000101001001000000101000110000011000110000010000000101000110001000000011000000000001011000100101000000000110000000000110010010100010100
001100000001000110001010000001000001100011000000011000100000001001001000100000010000001000101101101010000010000000100100100000010100010000001100011000001000000010100011000100000001100000110000101100010010100000000011000000000001001011010001010
001010000000100011000100000000100000110001100000001100011000000100100100010000001000000100010110110100000000000010010010010000001010001000000110001100000100000001010001100010000010110000001000010110001001000000000001100000000010100101101000101
000101000000010001100011000000010000011000110000000110000100000010010010001000000100000010001011011001000001000000001001001000000101001000000011000110000010000000101000110001000001011000010100001011000100110000000000110000000001010000110100010
000110100000001000110000000000001000001100011000000011001010000001001001000100000010000001000101101100100000100001000100100100000010100100000001100011000001000000010100011000100000101000001010000101100010001000000000011000000000101000011000001
000011010000000100011001100000000100000110001100000001100101000000100100100010000000000000100010110110010000010000100010010010000001010110000000110001100000100000001010001100010000010100000101000010110001010100000000001100000000010110001110000
100001101000000010001100010000000010000011000110000000110010100000010010010000000001000000010001011000000000001000010001001001000000100011000000011000110000000000000101000110001000001110000010100001011000101000000000000110000000001001000101000
000000001101000000010001001010000000010000011000110000001100011000000010010010100000001000000010001001010010000100000010001001010000001100011000000011000110000100000000101000110000000010100000010100001011001010100000000000100000000001001001101
000000000011010000000100100010100000000100000110001100000011001010000000100101001000000010000000100010111001000010000000100010100100000101000110000000110001100001000000001010001101000000010000000101000010100000101000000000011000000001010000011
001100000001101000000010110001010000000010000011000110000001100101000000010010000100000001000000010001010100100000000000010001010010000010100011000000011000100000100000000101000100100000111000000010100001010010010100000000001100000000101010001
100010000000110100000000011000101000000001000001100011000000110010100000001000100010000000100000001011101010010001000000001000001001000001010001100000001100010000010000000010100000010000001100000001010000111001001010000000000100000000010101000
110010100000001101000000000110001010000000010000011000110000001000101000000010001001000000001000000001010111000000010000000010010010010000010100011000000011001100000100000000101011000000001011000000010100010100010010100000000011000000000110010
100001010000000110100000100011000101000000001000001100010000001100010100000000100100100000000100000000101010100000001000000001001001000000001010001100000001100110000010000000010101100100000101100000001010001010001001010000000001100000000001001
011000101000000011010000010001100010100000000100000110001000000110001010000001010010010000000010000010011101010100000100000000000100101000000101000110000000100011000001000000001000110010000010110000000101000111000100101000000000110000000010100
001100001010000000110100000100011000101000000001000001100110000001100010100000100101000100000000100001001010110010000001000000010001000100000001010001100000011000110000010000000010001000000000101100000001000010110001001010000000001100000000101
101010000101000000011010000010001100010100000000100000110011000000110001010000010010100010000000010000100101011000000000100000001000101010000000101000110000001100011000001000000001000100100000010110000000110001011000100101000000000100000000010
000101000010100000001100000001000110001010000000010000010001100000011000101000001000010001000000001000010011101101000000010000000100010001000000010100011000000110001100000100000010100110000000001011000000001000101100010010000000000000000000001
010110100001010000000111000000100011000101000000001000001000110000001100010100000101001000100000000100000000110000100000001000000010000100100000001010001100000011000110000010000001010011010000000101100000010100010110001001100000000010000000000
110000110100001010000001010000000100011000101000000001000011001100000001100011000001001001000100000010000010010011000100000001000000010100100100000001010001100000011000110000010000001100100010000000101100000001000010110001010100000000110000000
011010001101000010100000110100000001000110001010000000010000110011000000011001100000010010010001000001000001000101010001000000100000001001001001000000010100010000000110001100000100000101011000100000001011000001010000101100100110000000001100000
001100100011010000101000001101000000010001100010100000001000001000110000000110101000000100100100010000010000010110110100010000001000000100010010010000000101001100000001100011000000000001100110001000000010100000010100001011001010100000000010000
000010010001101000010100000110100000001000110001010000000100001100011000000010010100000010010010001000000000001001011010001000000100000010001001001000000010100110000000110001100010000000000011000100000001010000001010000101000101010000000011000
000101001000110100001010000011010000000100011000101000000010000110001100000001001010000001001001000100001000000011101101000100000010000001000100100100000001000011000000011000110001000000110001100010000000111000000101000010100000101000000001100
000010100100011010000100000001101000000010001100010100000001000011000110000001000100000000100100100000000100000000110110100010000001000000100010010010000000110001100000001100011000100000001000110001000000001100000010100001110010010100000000110
000001010010001101000011000000110100000001000110001010000000100001100011000000100011000000010010010000000010000101011011010001000000100000010001001001000000001000110000000110001100010000010100011000100000010100000001010000011001001000000000011
000000101001000110100000000000011010000000100011000101000000010000110001100000110000100000001001001010000000000000101101101000000000010000001000100100100000010100011000000011000100001000001010001100010000001010000000101000101100100100000000001
000000010100100011010001100000001101000000010001100010100000000000011000110000011001010000000100100100000001000010010110110100100000000000000100010010010000001010001100000001100000000000000101000110001000000111000000010100010100010010000000000
000000001010010001101000010000000110100000001000110001010000001000001100011000001100101000000010010001000000100000001011011010010000001000000010001001001000000101000110000000110010000100000010100011000100000001100000001010001010001001000000000
100000000101001000110100101000000011010000000100011000100000000100000110001100000110010100000001001000100000010001000101101101001000000000000001000100100100000010100011000000011011000010000001010001100010000010110000000101000111000110100000000
100000000010100100011010010100000001101000000010001100011000000010000011000110000010001010000000100110010000001000100010110110000100000100000000100010010010000001010001100000001101100001000000101000110001000001011000000010000001100001010000000
010000000001010010001100001010000000110100000001000110000100000001000001100010000001000101000000010000000000000000010001011011100010000010000000010001001001000000101000110000000100110000000000010100011000100000101100000001100010110000101000000
010000000000101001000111000101000000011010000000100011001010000000100000110001000001100010100000001001001000000000001000101101010001000001000000001000100100100000010100011000000000011000100000001010001100000000010110000000010001011010010100000
001000000000010100100010000010100000001101000000010001100101000000010000011001000000110001010000000110100100000100000100010110101000100000100000000100010010000000001010001100000010001000000000000101000110010000001011000000101000101101001000000
000100000000000101001001010000101000000011010000000100010001010000000100000110110000001100010100000001000000000010000001000101011010000000001000000001000100101000000010100011000001100110001000000001010001100100000010110000001000001000010001000
000110000000000010100100101000010100000001101000000010001000100000000010000010011000000110001010000010101001000000000000100010101101001000000100000000100010000100000001010001100000110011000100000000101000100000000001011000000110000110001010100
000011000000000001010010110100001010000000110100000001001100011000000001000001001100000011000101000000010100100001000000010001110110100000000010000000010001010010000000101000110000011001000010000000010100010010000000101100000001000011000101010
000001100000000000101000011010000101000000011010000000100110000100000000100001000110000001100010100001000010010000100000001000011011010100000001000000001000101001000000010100011000001000100001000000001010011001000000010110000010100001100000101
000000110000000000010101001101000010100000001101000000010011001010000000010000100010000000110001010000101000001000010000000100101101100010000000100000000100000100100000001010001100000100100000100000000101001100100000001011000001010010110010010
000000011000000000001010000110100001010000000110100000000001100101000000001000110001000000011000101000010101000000001000000010010110111001000000010000000010010010010000000101000100000110010000010000000010100100010000000101000000101001011001001
000000001100000000000100100011010000101000000011010000001000110010100000000100011001100000001100010100000010100000000100000001001011010000100000001000000001001001001000000010100000000011011000001000000001000010001000000010100000010100101100100
100000000110000000000011010001101000010100000001101000000100010001010000000010001100110000000110001000001000010100000010000000000101101100010000000100000000100100100100000001010010000001001100000100000000110011000100000001110000001000010100010
110000000001100000000001100100011010000101000000011010000001001100010100000001000010001100000001100010000010100010000000100000010001010101000100000001000000010001001001000000010101100000100011000001000000010100110001000000101100000010000111000
011000000000011000000000101001000110100001010000000110100000010011000101000000100001100011000000011011000001001101000000001000000100011011010001000000010000000100010010010000000100011000011000110000010000000110001100010000001010000010100010110
100000000000001100000000010100100011010000101000000011010000000001100010100000010000110001100000001100100000100000100000000100000010000101101000100000001000000010001001001000000010001000001100011000001000000001000110001000000111000001010001011
001100000000000110000000001010010001101000010100000001100000001000110001010000001000011000110000000101010000010010010000000010000001001110110100010000000100000001000100100100000001000100000110001100000100000010100011000100000001100000101000101
010010000000000011000000000101001000110100001010000000111000000100011000101000000100001100011000000000100000001100001000000001000000100011011010001000000010000000100010010010000010100110000011000110000010000001010001100010000010110000010100010
000101000000000001100000000010100100011010000101000000010100000010001100010100000010000110001100000010011000000001000100000000000000010101101101000100000001000000010001001001000001010011000001100011000001000000101000110001000001011000001000001
101010100000000000110000000001010010001101000010100000001010000001000110001010000000000011000110000010000100000010100010000000100000000010110110100010000000100000001000100100100000101001000000110001100000100000010100011000000000101100000110000
100001010000000000011000000000101001000110100001010000001101000000100011000100000001000001100011000001001010000100010001000000010000001001011011010001000000000000000100010010010000010000100000011000110000000000001010001100100000010100000001000
010100101000000000001100000000010100100011010000101000000110100000010001100011000000100000110001100001100100000001001000100000001000000000101101101000100000010000000010001001001000001100100000001100011000010000000101000110010000001000000010100
110010010100000000000110000000001010010001101000010100000011010000001000110000000000010000011000110000110011000010100100010000000100000100010110110100010000001000000001000100100100000010010000000110001100001000000010100011001000000110000001010
001001001010000000000010000000000101001000110100001010000001100000000100011001100000001000001100011000010000100000010010001000000010000010001011011010001000000100000000100010010000000101011000000011000110000100000001010001000100000011000000101
011000100101000000000001000000000010100100011010000101000000111000000010001100010000000100000110001100001001010001001001000100000001000001000101101101000100000010000000010001001000000010001100000001100011000000000000101000100000000001100000010
000100010010100000000001000000000001010010001101000010100000010100000001000110101000000010000011000100001100101000100100100010000000100000100010110110100010000001000000001000100110000001100110000000110001100010000000010100110010000010110000001
001110001001010000000000100000000000101001000110100001010000001010000000100010010100000001000001100000000110010000010010010001000000010000010001011011010001000000100000000100010001000000000011000000011000100001000000001010011001000001011000000
100011000100101000000000110000000000010100100011010000100000001101000000010001001010000000100000110010000010001000001001001000000000000000001000101101101000100000010000000010001000100000110001100000001100010000100000000101001100100000101100000
000101100010010100000000011000000000001010010001101000011000000110100000001001000100000000010000011010000001000100000100100100100000001000000100010110110100000000001000000001000110010000001000110000000110011000010000000010000100010000010100000
110010110001001010000000001100000000000101001000110100000100000011010000000100100011000000001000001101000001100000000010010010010000000000000010001011011010010000000100000000100001001000010100011000000011001100001000000001100010001000001010000
000001011000100101000000000110000000000010100100011010001010000001101000000010110000100000000100000101100000110110000001001001001000000100000001000101101101001000000010000000010000100000001010001100000001100100000100000000010011000100000111000
011000101100010010100000000011000000000001010010001101000101000000110100000000011001010000000010000000110000011000000000100100000100000010000000100010110110100100000001000000001010010100000101000110000000100010000010000000101001100000000001100
000000010110001001010000000001100000000000101001000110100010100000011010000001001100101000000001000010010000001011000000010010100010000001000000010001011011000010000000100000000101001010000010100011000000010011000001000000010100110000000010110
001100001011000100101000000000110000000000010100100011010001010000001101000000000110010100000000100010001000000000100000001001010001000000100000001000101101110001000000010000000000100001000001010001100000011001100000100000001000011010000001011
000010000101100010010100000000011000000000001010010001100000100000000110100000100010001010000000010001001100000101010000000100001000100000010000000100010110101000100000001000000000010100000000101000110000001100110000010000000110001101000000101
000101000010110001001010000000001100000000000101001000111000011000000011010000010001000101000000001001100110000100101000000010100100010000001000000010001011010100010000000100000010001010100000010100011000000100011000001000000001000100100000010
100001010000101100010011000000000011000000000001010010001010001010000000110100000100110001010000000000010001000010001010000000001001001000000010000000100010101101000100000001000000100100010000000101000110000011000110000010000001010010001000000
100000101000010110001000000000000001100000000000101001001101000101000000011010000010011000101000000000001001100001000101000000100100100000000001000000010001010110100010000000100000010010101000000010100011000001100011000001000000101011000100000
010000010100001011000101100000000000110000000000010100100110100010100000001100000000001100010100000010001100110001100010100000010010010100000000100000001000111011010001000000010000001001000100000001010001100000110001100000000000010101100000000
110000001010000101100010010000000000011000000000001010010011010001010000000111000001000110001010000000000110011000110001010000001001000010000000010000000100001101101000100000001000000000010010000000101000100000011000110000100000001000110010000
001000000101000010110000101000000000001100000000000101000001100000101000000010000000100011000101000001000010001000011000101000000100101001000000001000000010010110110100010000000100000100101001000000010100010000001100011000010000000100011001000
011000000010100001011001010100000000000110000000000010101000111000010100000001100000010001100010100000100001000000001100010100000010010000100000000100000001001011011010001000000000000010000100100000001010011000000110001100001000000010001100100
000100000001010000101100001010000000000011000000000001010100010100001010000001010000001000110001010000010001100100000110001010000001000100010000000010000000100101101101000100000000000001010010010000000101001100000011000110000100000001000100010
001110000000101000010110100101000000000001100000000000100010001010000101000000101000000100011000101000000000110100000011000101000000101010001000000001000000000010110110100010000010000000001001001000000010100100000001100011000000000010100010001
000011000000010100001010010010100000000000110000000000011001001101000010100000110100000010001100010100001000011010000001100010000000010001000100000000100000010001011011010001000001000000100100100100000001000010000000110001000010000001010011000
000101100000001010000101001001010000000000011000000000000100100110100001010000011010000001000110001000000100001010000000110001100000000100100010000000010000001000101101101000100000100000000010010010000000110011000000011000100001000000101001100
000010110000000101000011000100101000000000001100000000001010010011010000101000001100000000100011000100000010000001000000011000010000001010010001000000001000000100010110110100010000010000010001001001000000001001100000001100110000100000010100110
100001011000000010100000100010010100000000000110000000000101000001101000010100000111000000010001100010000000000101100000001100101000000001001000100000000100000010001011011010001000001000001000100100100000010100110000000110011000010000001000011
000000101100000001010001110001001010000000000011000000000010101000110100001010000010100000001000110000000001000100110000000110010100000100100100010000000010000001000101101101000100000000000100010010010000001000011000000011001100001000000110001
010000010110000000101000011000100101000000000001100000000001010100011010000100000001010000000100011011000000100010011000000011001010000010010010001000000001000000100010110110100000000100000010001001001000000110001100000001000100000100000001000
000000001011000000010100101100010010100000000000110000000000100010001101000011000001101000000010001100100000010010001100000001000101000001001001000100000000100000010001011011010000000010000001000100100100000001000110000000100010000000000010100
101000000101100000001010010110001001010000000000011000000000011001000110100000000000110100000001000101010000001001000110000000100010100000100100100010000000000000001000101101101010000001000000100010010010000010100011000000110011000000000001010
100000000010110000000100001011000100101000000000001100000000000100100011010001100000011010000000100000100000000001100011000000110001010000010010010001000000010000000100010110110101000000000000010001001001000001010001100000011001100010000000101
010100000001011000000011000101100010010100000000000110000000001010010001101000010000001101000000010010011000000000110001100000011000100000001001001000100000001000000010001011011000100000100000001000100100100000101000110000001100110001000000010
010010000000101100000000000010110001001010000000000011000000000101001000110100101000000110100000001010000100000100011000110000001100011000000100100100010000000100000001000101101100010000000000000100010010000000010100011000000100011000100000001
001001000000010110000001100001011000100101000000000001100000000010100100011010010100000011010000000101001010000000001100011000000110000000000010010010001000000010000000100010110110001000010000000010001001010000001010001100000010001100010000000
101000100000001011000000010000101100010010100000000000110000000001010010001100001010000001101000000001100100000010000110001100000011001100000001001001000100000001000000010001011001000000001000000001000100101000000101000110000011000100001000000
000011000100000001011000001010000101100010010100000000001100000000001010010001100000100000001101000000001001010000100000110001000000010010100000001001001000100000001000000010001001101001000001000000001000101010000000101000100000011011000010000
011001100010000000101100000101000010110001001010000000000110000000000101001001010001010000000110100001001100101000010000011000100000001001010000000100100100000000000100000001000110110000000000100000000100000101000000010100110000001101100001000
000000110001000000010110000010100001011000100101000000000011000000000010100100101000101000000011010000100110010000001000001100110000001000101000000010010010010000000010000000100011011100100000010000000010010000100000001010011000000100110000100
001100011000100000001010000001010000101100010010100000000001100000000001010010110100010100000001101000010010001000000100000110011000000100010100000001001001001000000001000000010001101010000000001000000001001010010000000101001100000000011000010
000010001100010000000101000000101000010110001001010000000000110000000000101000011010001010000000110100000001000100000010000011001100000110001010000000100100100100000000100000001010110101010000000100000000100101001000000010000100000010001100001
000010100011000100000000100000001010000101100010010100000000001000000000001010000111000010100000001100000100110110000000100000100011000001100010100000001001010001000000001000000000101011100100000001000000010010010010000000010011000001100010000
000001010001100010000001110000000101000010110001001010000000001100000000000100100010100001010000000110000010011000000000010000110001100000110001010000000100101000100000000100000000010101000010000000100000001001001001000000101001100000110011000
100000101000110001000000011000000010100001011000100101000000000110000000000011010001010000101000000000000000001011000000001000011000110000011000101000000010000100010000000010000010001110110001000000010000000100100100100000010100110000011001100
010000001010001100010000010110000000101000010110001001010000000001100000000001100100110100001010000010100000100101010000000010000110001000000110001010000000101001000100000000100000100101010100010000000100000010001001001000000110001100000100011
001000000010100011000100000101100000001010000101100010011000000000011000000000101000001101000010100001100000001010010100000000000001100100000001100010100000010010010001000000001000001001101101000100000001000000100010010010000010100000000011000
000000000001010001100010000010110000000101000010110001000100000000001100000000010101000110100001010000111000000010001010000000100000110110000000110001010000001001001000100000000100000000010110100010000000100000010001001001000001010010000001100
100100000000101000110000000001011000000010100001011000101010000000000110000000001010100011010000101000010100000001000101000000010000010011000000011000101000000100100100010000000000000100111011010001000000000000001000100100000000101011000000110
100010000000010100011001000000101100000001010000101100010101000000000011000000000100010001101000010100001010000101100010100000001000001001100000001100010100000010010010001000000000000010001101101000100000010000000100010010100000010101100000011
010001000000001010001100000000010110000000101000010110000010100000000001100000000011001000110100001000001100000000110001010000000100001000110000000110001010000001001001000100000010000001010110110100010000001000000010001001010000001000110000001
010000100000000101000110100000001011000000010100001011001001010000000000110000000000100100011010000100000111000010011000101000000010000100011000000011000101000000100100100010000001000000001011011010001000000100000001000100001000000100011000000
001000010000000010100010010000000101100000001010000101100100100000000000011000000001010010001101000010000010100000001100010100000001000110001100000001100010100000010010010001000000100000100101101101000100000000000000100010100100000010001100000
101000001000000001010001001000000010110000000101000010110010011000000000001100000000101001000110100000000001010001000110001010000000100011000110000000110001000000001001001000100000010000000010110110100010000010000000010001010000000001000100000
100100000100000000101001000100000001011000000010100001010001000100000000000110000000010100100011010011000001101000100011000101000000010001100011000000011000110000000100100100010000001000010001011011010001000001000000001000001010000010100010000
010110000010000000010100100010000000101100000001010000101000101010000000000010000000001010010001101000100000110000010001100010000000000000110001100000001100001000000010010010001000000000001000101101101000100000100000000100100101000001010011000
010011000001000000001010110001000000010110000000101000011100010101000000000001000000000101001000110101010000011000001000110001100000001000011000110000000110010100000001001001000100000100000100010110110100000000010000000010010000100000101001100
001001100000100000000100011000100000001011000000010100000110000010100000000001000000000010100100011000100000001100000100011000010000000000001100011000000011001010000000100100100000000010000010001011011010010000001000000001001010010000010100110
001000110000010000000011001100010000000101100000001010001011001001010000000000100000000001010010001100011000000000000010001100101000000100000110001100000001100101000000010010010000000001000001000101101101001000000100000000000101001000001000011
000100011000001000000000000110001000000010110000000101000101100100101000000000110000000000101001000110000100000110000001000110010100000010000011000110000000100010100000001001001010000000000000100010110110100100000010000000100000100100000110001
000110001100000100000001100011000100000001011000000010100010110010010100000000011000000000010100100000001010000100000000100011001010000001000001100011000000010001010000000100100101000000100000010001011011000000000001000000010010010000000001000
000011000110000010000000010001100010000000101100000001010001010001001010000000001100000000001010010011000100000011000000010001000101000000100000110001100000011000101000000010010000100000000000001000101101110010000000100000001001001000000010100
100001100011000001000000101000110001000000010110000000100000101000100101000000000110000000000101001010100011000010100000001000100010100000010000011000110000001100010100000001001000010000010000000100010110101001000000010000000100100110000001010
100000110001100000100000010100011000100000001011000000011000011100010010100000000010000000000010100101010000100001010000000100110001010000001000001100011000000110001010000000100110001000001000000010001011010100100000001000000000010001000000101
010000001100011000001000000101000110001000000010110000001010001011000100101000000001100000000000101000111000101000110100000001001100011000000010000011000110000001100010100000001000100100000010000000100010101110001000000010000001000110010000001
001000000110001100000100000010100011000100000001011000000101000101100010010100000000110000000000010110010100010000011010000000000110000000000001000001100011000000110001010000000110010010000001000000010001010101000100000001000000100001001000000
101000000011000110000010000001010001100010000000101100000010100010110001001010000000011000000000001000001010001000001101000000100011001100000000100000110001100000011000101000000001001001000000100000001000111010100010000000000000010000100100000
110110000000110001100001000000010100011000100000001011000000100000101100010011000000000110000000000010100111000000000011010000001000110101000000001000001100010000000110001010000010010100100000001000000010010101101000100000010000000101001010000
000011000000011000110000000000001010001100010000000101100000011000010110001000000000000011000000000000010010100110000001101000000100010010100000000100000110011000000011000101000001001010000000000100000001001010110100010000001000000000100101000
011001100000001100011000100000000101000110001000000010110000000100001011000101100000000001100000000011000001010000000000110100000010001001010000000010000011001100000001100010100000100001010000000010000000100111011010001000000100000000010000100
000000110000000110001100010000000010100011000100000001010000001010000101100010010000000000110000000000101001101011000000011010000001001000101000000001000001100110000000110001010000010100001000000001000000000001101101000100000000000010001010010
001100011000000011000110001000000001010001100010000000101000000101000010110000101000000000011000000001010100110000100000001101000000100100010100000000100000100011000000011000101000001010100100000000100000010010110110100010000010000001000101001
000010001100000001100010000100000000101000110001000000011100000010100001011001010100000000001100000000100010011001010000000110000000010110001010000000010000010001100000001100010100000001000010000000010000001001011011010001000001000000100000100
000101000110000000110001000010000000010100011000100000000110000001010000101100001010000000000110000000011000001100101000000011100000000011000101000000001000011000110000000110001000000100010001000000001000000100101101101000000000100000010010010
000010100011000000011001000001000000001010001100010000001011000000101000010110100100000000000011000000000101000000010100000001010000001001100010100000000100001100011000000011000100000010101000100000000100000000010110110100100000010000001001001
100001010001100000001100100000100000000101000110001000000101100000010100001010010011000000000001100000001010100110001010000000101000000000110001010000000010000110001100000001100010000001000100010000000010000010001011011010010000001000000100100
000000101000110000000110110000010000000010100011000100000010110000001010000101001000100000000000110000000100010100000101000000110100000100011000101000000001000011000110000000110001000000010010001000000001000001000101101101001000000100000000010
010000010100011000000010011000001000000001010001100010000001010000000101000011000101010000000000011000000011001011000010100000011010000010001100010100000000100001100011000000011010100000101001000100000000100000100010110110000100000000000010001
100000001010001100000001001100000100000000101000110001000000101000000010100000100010101000000000001100000000100010100001010000001101000001000110001010000000000000110001100000001101010000000100100010000000000000010001011011100000000000000001000
001000000101000110000001000110000010000000010100011000100000011100000001010001110000010100000000000100000001010001010000101000000110100000100011000101000000010000011000110000000100101000010010010001000000010000001000101101010010000010000000100
010000000010100011000000100011000001000000001010001100010000000110000000101000011001001010000000000000000000101101101000010100000011010000010001100010100000001000001100011000000000010000001001001000100000001000000100010110101001000001000000010
001010000000101000110000011000110000010000000010100011001000000101100000001010010110010010100000000010000000001010011010000101000000111000000100011000101000000010000011000110000011000010000010010010001000000000000001000101011000010000010000000
010001000000010100011000001100011000001000000001010001100100000010110000000100001010001001010000000001000000000100001101000010000000010000000010001100010100000001000001100011000001100101000001001001000100000010000000100010101110001000001000000
000100100000001010001100000110001100000100000000101000110010000001011000000011000101000100101000000001100000000001000110100001100000001100000001000110001010000000100000110001100000110010000000100100100010000001000000010001110101000100000100000
101010010000000101000110000011000110000010000000010100010001000000101100000000000011100010010100000000110000000110100011010000010000001010000000100011000101000000010000011000110000011001100000010010010001000000100000001000011010100000000000000
010100100100000001010001000000110001100000100000000101001100010000001011000000010001011000100101000000001000000011001000110100010100000110100000001000110001000000000100000110001100000100110000000100100100000000001000000010010101101010000001000
000010010010000000101001000000011000110000010000000010100110000000000101100000101000101100010010100000001100000000100100011010001010000011010000000100011000110000000010000011000100000110001000000010010010010000000100000001001010110101000000100
001001001001000000010100100000001100011000001000000001010011001000000010110000010100010110001001010000000110000001010010001101000101000001101000000010001100001000000001000001100000000011010100000001001001001000000010000000000111011000100000010
000000100100100000001010110000000110001100000100000000100001100100000001011000001010001011000100101000000010000000101001000110000010100000110100000001000110010100000000100000110010000001001010000000100100100100000001000000100001101100010000001
000100010010010000000100011000000011000110000010000000011000110010000000101100000100000101100010010100000001000000010100100011100001010000011010000000100011001010000000010000011011000000100101000000010010000000000000100000010010110110001000000
000010001001001000000011001100000001100011000001000000000100010001000000010110000011000010110001001000000001100000001010010001010000100000001101000000010001100101000000001000001101100000100010100000001001010010000000010000001001011001000100000
000000010001001001000000010001100000001100011000001000000010100110001000000011000000101000010110001000000000001000000001010010011010001100000001101000000010011000101000000001000010001000001100010100000001010000010000000010000010001001101001000
010000001000100100100000101000110000000110001100000100000001010011000100000000100000010100001011000111000000000000000000101001001101000010000000110100000001001100010100000000100011000100000110001010000000101010001000000001000001000110110100100
000000000100010010010000010100011000000011000110000010000000100001100010000001110000001010000101100000100000000100000000010100000110100101000000011010000000100110001010000000010001100110000011000101000000000101000100000000000000100011011000010
001000000010001001001000001010001100000001100011000001000000011000110001000000011000000101000010110001010000000100000000001010100011010010100000001101000000000011000101000000001000110011000001100010100000010000100010000000100000010001101110001
000000000001000100100100000101000110000000110001100000100000000100011000100000101100000010100001011010100000000010000000000101010001100001010000000110100000010001100010100000000100011001000000110001010000001010010001000000010000001010110101000
000100000000100010010010000010100011000000011000110000010000001010001100010000010110000001010000101100011000000010000000000010001000111000101000000011010000001000110001010000000000001000100000011000101000000101001000100000001000000101011010100
100001000000001000100101000000101000110000000110001100001000000010100011000100000101000000010100001000101010000001100000000000010010001100001010000000110100000010001100010100000010000110010000000110001010000010010010001000000000000000010101101
000000100000000100010010000000010100011000000011000110000100000001010001100010000011100000001010000110010100000000110000000000101001001010000101000000011010000001000110001010000001000011011000000011000101000001001001000100000010000010001010110
010000010000000010001000100000001010001100000001100011000010000000101000110000000000110000000101000010000011000000011000000000010100100101000010100000001101000000100011000101000000100001001100000001100010100000100100100010000001000001000111011
000000001000000001000101010000000101000110000000110001100001000000010100011001000001011000000010100001001000100000001100000000001010010110100001010000000110100000010001100010100000010000100110000000110001000000010010010001000000100000100001101
101000000100000000100010001000000010100011000000011000110000100000001010001100000000101100000001010011100101010000000110000000000101000011010000101000000011000000001000110001010000001000100011000000011000110000001001001000000000010000010010110
